-1.0 10.0 -1.0 -1.0 -1.0 -1.0 -1.0 -1.0 -1.0 -1.0 -1.0 -1.0 -1.0 -1.0
10.0 -1.0 08.5 -1.0 -1.0 -1.0 -1.0 -1.0 10.0 03.5 -1.0 -1.0 -1.0 -1.0
-1.0 08.5 -1.0 06.3 -1.0 -1.0 -1.0 -1.0 09.4 -1.0 -1.0 -1.0 18.7 -1.0
-1.0 -1.0 06.3 -1.0 13.0 -1.0 -1.0 15.3 -1.0 -1.0 -1.0 -1.0 12.8 -1.0
-1.0 -1.0 -1.0 13.0 -1.0 03.0 02.4 30.0 -1.0 -1.0 -1.0 -1.0 -1.0 -1.0
-1.0 -1.0 -1.0 -1.0 03.0 -1.0 -1.0 -1.0 -1.0 -1.0 -1.0 -1.0 -1.0 -1.0
-1.0 -1.0 -1.0 -1.0 02.4 -1.0 -1.0 -1.0 -1.0 -1.0 -1.0 -1.0 -1.0 -1.0
-1.0 -1.0 -1.0 -1.0 30.0 -1.0 -1.0 -1.0 09.6 -1.0 -1.0 06.4 -1.0 -1.0
-1.0 10.0 09.4 -1.0 -1.0 -1.0 -1.0 09.6 -1.0 -1.0 12.2 -1.0 -1.0 -1.0
-1.0 03.5 -1.0 -1.0 -1.0 -1.0 -1.0 -1.0 -1.0 -1.0 -1.0 -1.0 -1.0 -1.0
-1.0 -1.0 -1.0 -1.0 -1.0 -1.0 -1.0 -1.0 12.2 -1.0 -1.0 -1.0 -1.0 -1.0
-1.0 -1.0 -1.0 -1.0 -1.0 -1.0 -1.0 06.4 -1.0 -1.0 -1.0 -1.0 -1.0 -1.0
-1.0 -1.0 18.7 12.8 -1.0 -1.0 -1.0 -1.0 -1.0 -1.0 -1.0 -1.0 -1.0 05.1
-1.0 -1.0 -1.0 -1.0 -1.0 -1.0 -1.0 -1.0 -1.0 -1.0 -1.0 -1.0 05.1 -1.0
